"timestamp","Motes Outside"
1.0,0
2.0,0
3.0,0
4.0,0
5.0,0
6.0,0
7.0,0
8.0,0
9.0,0
10.0,0
11.0,0
12.0,1
13.0,1
14.0,6
15.0,12
16.0,14
17.0,20
18.0,35
19.0,38
20.0,48
21.0,55
22.0,57
23.0,71
24.0,71
25.0,73
26.0,83
27.0,86
28.0,100
29.0,104
30.0,103
31.0,109
32.0,110
33.0,113
34.0,122
35.0,121
36.0,132
37.0,135
38.0,131
39.0,136
40.0,135
41.0,141
42.0,145
43.0,143
44.0,149
45.0,148
46.0,147
47.0,150
48.0,149
49.0,160
50.0,157
51.0,164
52.0,162
53.0,163
54.0,161
55.0,163
56.0,168
57.0,174
58.0,178
59.0,192
60.0,182
61.0,178
62.0,192
63.0,191
64.0,189
65.0,187
66.0,194
67.0,186
68.0,188
69.0,189
70.0,184
71.0,187
72.0,185
73.0,188
74.0,185
75.0,186
76.0,185
77.0,186
78.0,197
79.0,193
80.0,195
81.0,191
82.0,197
83.0,194
84.0,189
85.0,200
86.0,198
87.0,202
88.0,202
89.0,199
90.0,200
91.0,208
92.0,203
93.0,203
94.0,201
95.0,213
96.0,206
97.0,201
98.0,210
99.0,202
100.0,204
