"timestamp","inRadius_01.0,12
2.0,7
3.0,9
4.0,5
5.0,4
6.0,4
7.0,3
8.0,2
9.0,3
10.0,3
11.0,1
12.0,3
13.0,2
14.0,2
15.0,0
16.0,3
17.0,3
18.0,2
19.0,2
20.0,1
21.0,1
22.0,1
23.0,2
24.0,2
25.0,0
26.0,2
27.0,1
28.0,2
29.0,2
30.0,2
31.0,2
32.0,1
33.0,2
34.0,0
35.0,1
36.0,1
37.0,1
38.0,1
39.0,1
40.0,1
41.0,1
42.0,1
43.0,1
44.0,1
45.0,0
46.0,1
47.0,1
48.0,1
49.0,1
50.0,1
51.0,0
52.0,1
53.0,0
54.0,2
55.0,0
56.0,1
57.0,1
58.0,1
59.0,1
60.0,2
61.0,1
62.0,1
63.0,1
64.0,0
65.0,1
66.0,2
67.0,1
68.0,1
69.0,1
70.0,1
71.0,1
72.0,1
73.0,1
74.0,0
75.0,0
76.0,1
77.0,1
78.0,0
79.0,0
80.0,1
81.0,1
82.0,1
83.0,0
84.0,2
85.0,1
86.0,0
87.0,0
88.0,1
89.0,0
90.0,1
91.0,0
92.0,1
93.0,1
94.0,1
95.0,1
96.0,0
97.0,1
98.0,1
99.0,1
100.0,1
101.0,0
102.0,1
103.0,1
104.0,0
105.0,1
106.0,0
107.0,0
108.0,1
109.0,1
110.0,1
111.0,1
112.0,0
113.0,2
114.0,2
115.0,0
116.0,1
117.0,1
118.0,1
119.0,1
120.0,0
121.0,0
122.0,1
123.0,1
124.0,0
125.0,2
126.0,0
127.0,0
128.0,1
129.0,0
130.0,0
131.0,0
132.0,0
133.0,0
134.0,1
135.0,1
136.0,1
137.0,1
138.0,1
139.0,0
140.0,1
141.0,1
142.0,0
143.0,2
144.0,0
145.0,1
146.0,1
147.0,0
148.0,0
149.0,0
150.0,0
151.0,1
152.0,1
153.0,0
154.0,1
155.0,0
156.0,0
157.0,0
158.0,0
159.0,0
160.0,0
161.0,0
162.0,1
163.0,0
164.0,1
165.0,1
166.0,1
167.0,1
168.0,0
169.0,1
170.0,1
171.0,1
172.0,1
173.0,1
174.0,1
175.0,1
176.0,1
177.0,0
178.0,0
179.0,0
180.0,0
181.0,0
182.0,0
183.0,1
184.0,1
185.0,1
186.0,1
187.0,1
188.0,0
189.0,0
190.0,1
191.0,0
192.0,0
193.0,2
194.0,2
195.0,0
196.0,1
197.0,1
198.0,1
199.0,0
200.0,0
201.0,1
202.0,0
203.0,0
204.0,0
205.0,0
206.0,1
207.0,0
208.0,0
209.0,1
210.0,1
211.0,0
212.0,1
213.0,1
214.0,1
215.0,0
216.0,2
217.0,2
218.0,0
219.0,0
220.0,0
221.0,0
222.0,0
223.0,0
224.0,0
225.0,0
226.0,0
227.0,0
228.0,0
229.0,0
230.0,0
231.0,0
232.0,0
233.0,0
234.0,0
235.0,0
236.0,0
237.0,1
238.0,1
239.0,0
240.0,1
241.0,1
242.0,1
243.0,0
