"timestamp","Motes Outside"
0.0,0
1.0,0
2.0,0
3.0,0
4.0,0
5.0,0
6.0,0
7.0,0
8.0,0
9.0,0
10.0,0
11.0,0
12.0,0
13.0,0
14.0,0
15.0,0
16.0,0
17.0,0
18.0,0
19.0,0
20.0,0
21.0,0
22.0,0
23.0,0
24.0,0
25.0,0
26.0,0
27.0,0
28.0,0
29.0,0
30.0,0
31.0,0
32.0,0
33.0,0
34.0,0
35.0,1
36.0,3
37.0,3
38.0,6
39.0,9
40.0,7
41.0,10
42.0,11
43.0,11
44.0,15
45.0,12
46.0,15
47.0,20
48.0,25
49.0,27
50.0,27
51.0,35
52.0,34
53.0,38
54.0,38
55.0,41
56.0,42
57.0,46
58.0,51
59.0,52
60.0,51
61.0,54
62.0,59
63.0,62
64.0,63
65.0,66
66.0,66
67.0,63
68.0,71
69.0,71
70.0,77
71.0,79
72.0,79
73.0,84
74.0,85
75.0,84
76.0,89
77.0,94
78.0,91
79.0,95
80.0,94
81.0,99
82.0,103
83.0,101
84.0,103
85.0,103
86.0,105
87.0,103
88.0,106
89.0,102
90.0,100
91.0,107
92.0,105
93.0,103
94.0,106
95.0,110
96.0,111
97.0,107
98.0,112
99.0,115
100.0,113
101.0,119
102.0,119
103.0,115
104.0,117
105.0,124
106.0,117
107.0,117
108.0,122
109.0,121
110.0,119
111.0,123
112.0,124
113.0,131
114.0,133
115.0,134
116.0,133
117.0,133
118.0,138
119.0,133
120.0,133
121.0,134
122.0,139
123.0,133
124.0,138
125.0,140
126.0,136
127.0,141
128.0,142
129.0,139
130.0,139
131.0,140
132.0,141
133.0,138
134.0,141
135.0,143
136.0,141
137.0,144
138.0,145
139.0,142
140.0,149
141.0,153
142.0,151
143.0,151
144.0,158
145.0,158
146.0,157
147.0,157
148.0,155
149.0,159
150.0,162
151.0,158
152.0,164
153.0,171
154.0,170
155.0,166
156.0,165
157.0,167
158.0,168
159.0,168
160.0,169
161.0,165
162.0,162
163.0,161
164.0,159
165.0,160
166.0,167
167.0,167
168.0,167
169.0,171
170.0,170
171.0,166
172.0,168
173.0,165
174.0,169
175.0,168
176.0,171
177.0,170
178.0,172
179.0,171
180.0,173
181.0,173
182.0,170
183.0,169
184.0,171
185.0,172
186.0,175
187.0,176
188.0,182
189.0,176
190.0,185
191.0,174
192.0,182
193.0,176
194.0,184
195.0,184
196.0,177
197.0,182
198.0,179
199.0,179
200.0,183
201.0,180
202.0,178
203.0,177
204.0,178
205.0,177
206.0,175
207.0,179
208.0,182
209.0,185
210.0,183
211.0,190
212.0,185
213.0,186
214.0,184
215.0,183
216.0,187
217.0,188
218.0,182
219.0,184
220.0,183
221.0,185
222.0,184
223.0,185
224.0,184
225.0,186
226.0,183
227.0,187
228.0,191
229.0,185
230.0,190
231.0,190
232.0,187
233.0,187
234.0,186
235.0,194
236.0,192
237.0,189
238.0,194
239.0,191
240.0,192
241.0,194
242.0,198
243.0,196
244.0,194
245.0,198
246.0,196
247.0,195
248.0,192
249.0,194
250.0,192
251.0,191
252.0,189
253.0,194
254.0,192
255.0,196
256.0,194
257.0,195
258.0,192
259.0,199
260.0,192
261.0,202
262.0,201
263.0,196
264.0,195
265.0,196
266.0,202
267.0,200
268.0,202
269.0,201
270.0,197
271.0,199
272.0,199
273.0,203
274.0,199
275.0,198
276.0,194
277.0,195
278.0,197
279.0,198
280.0,196
281.0,196
282.0,194
283.0,196
284.0,207
285.0,202
286.0,200
287.0,206
288.0,199
289.0,207
290.0,201
291.0,205
292.0,202
293.0,200
294.0,206
295.0,202
296.0,205
297.0,203
298.0,205
299.0,208
300.0,208
301.0,205
302.0,205
303.0,205
304.0,204
305.0,211
306.0,202
307.0,208
308.0,204
309.0,199
310.0,201
311.0,215
312.0,210
313.0,215
314.0,208
315.0,206
316.0,211
317.0,206
318.0,207
319.0,209
320.0,211
321.0,211
322.0,208
323.0,210
324.0,210
325.0,204
326.0,207
327.0,205
328.0,205
329.0,205
330.0,200
331.0,202
332.0,206
333.0,203
334.0,207
335.0,204
336.0,207
337.0,212
338.0,207
339.0,207
340.0,204
341.0,204
342.0,204
343.0,210
344.0,204
345.0,200
346.0,199
347.0,206
348.0,205
349.0,205
350.0,206
351.0,209
352.0,208
353.0,209
354.0,203
355.0,205
356.0,207
357.0,212
358.0,209
359.0,210
360.0,208
361.0,209
362.0,206
363.0,206
364.0,214
365.0,209
366.0,209
367.0,208
368.0,211
369.0,212
370.0,216
371.0,219
372.0,212
373.0,217
374.0,217
375.0,217
376.0,214
377.0,218
378.0,213
379.0,216
380.0,210
381.0,208
382.0,207
383.0,211
384.0,213
385.0,217
386.0,212
387.0,216
388.0,209
389.0,211
390.0,214
391.0,211
392.0,214
393.0,214
394.0,215
395.0,206
396.0,210
397.0,208
398.0,208
399.0,211
400.0,214
401.0,205
402.0,216
403.0,205
404.0,215
405.0,215
406.0,220
407.0,219
408.0,216
409.0,219
410.0,219
411.0,226
412.0,222
413.0,216
414.0,212
415.0,213
416.0,217
417.0,216
418.0,222
419.0,219
420.0,214
421.0,217
422.0,216
423.0,214
424.0,214
425.0,213
426.0,210
427.0,210
428.0,209
429.0,209
430.0,210
431.0,210
432.0,214
433.0,211
434.0,216
435.0,213
436.0,212
437.0,214
438.0,212
439.0,216
440.0,210
441.0,210
442.0,208
443.0,208
444.0,210
445.0,217
446.0,211
447.0,211
448.0,211
449.0,216
450.0,205
451.0,210
452.0,214
453.0,212
454.0,213
455.0,213
456.0,216
457.0,212
458.0,211
459.0,213
460.0,213
461.0,211
462.0,209
463.0,212
464.0,212
465.0,210
466.0,214
467.0,217
468.0,214
469.0,211
470.0,211
471.0,217
472.0,217
473.0,214
474.0,212
475.0,211
476.0,215
477.0,212
478.0,209
479.0,211
480.0,212
481.0,212
482.0,210
483.0,211
484.0,212
485.0,212
486.0,208
487.0,211
488.0,208
489.0,212
490.0,210
491.0,210
492.0,218
493.0,216
494.0,215
495.0,217
496.0,218
497.0,210
498.0,217
499.0,216
500.0,215
501.0,215
502.0,215
503.0,216
504.0,209
505.0,210
506.0,214
507.0,217
508.0,218
509.0,216
510.0,215
511.0,217
512.0,213
513.0,214
514.0,217
515.0,218
516.0,213
517.0,213
518.0,218
519.0,215
520.0,219
521.0,220
522.0,222
523.0,216
524.0,218
525.0,216
526.0,219
527.0,216
528.0,213
529.0,217
530.0,218
531.0,213
532.0,220
533.0,216
534.0,215
535.0,211
536.0,215
537.0,211
538.0,217
539.0,215
540.0,216
541.0,217
542.0,216
543.0,220
544.0,217
545.0,216
546.0,212
547.0,218
548.0,218
549.0,220
550.0,218
551.0,220
552.0,220
553.0,216
554.0,218
555.0,220
556.0,217
557.0,225
558.0,222
559.0,221
560.0,214
561.0,222
562.0,221
563.0,220
564.0,219
565.0,220
566.0,222
567.0,225
568.0,221
569.0,222
570.0,218
571.0,222
572.0,216
573.0,219
574.0,219
575.0,216
576.0,218
577.0,217
578.0,221
579.0,218
580.0,224
581.0,222
582.0,228
583.0,223
584.0,217
585.0,219
586.0,218
587.0,223
588.0,220
589.0,221
590.0,220
591.0,218
592.0,221
593.0,221
594.0,218
595.0,215
596.0,215
597.0,216
598.0,211
599.0,214
600.0,214
601.0,218
602.0,221
603.0,211
604.0,215
605.0,215
606.0,215
607.0,217
608.0,220
609.0,225
610.0,222
611.0,220
612.0,220
613.0,221
614.0,216
615.0,215
616.0,218
617.0,218
618.0,223
619.0,217
620.0,217
621.0,211
622.0,217
623.0,216
624.0,215
625.0,214
626.0,217
627.0,218
628.0,219
629.0,215
630.0,218
631.0,216
632.0,218
633.0,215
634.0,211
635.0,209
636.0,214
637.0,214
638.0,210
639.0,217
640.0,213
641.0,214
642.0,214
643.0,217
644.0,211
645.0,210
646.0,212
647.0,214
648.0,213
649.0,212
650.0,214
651.0,209
652.0,215
653.0,213
654.0,215
655.0,215
656.0,209
657.0,208
658.0,209
659.0,206
660.0,210
661.0,210
662.0,214
663.0,210
664.0,212
665.0,213
666.0,211
667.0,215
668.0,213
669.0,205
670.0,208
671.0,207
672.0,207
673.0,209
674.0,203
675.0,208
676.0,214
677.0,204
678.0,204
679.0,207
680.0,207
681.0,208
682.0,204
683.0,205
684.0,202
685.0,202
686.0,206
687.0,201
688.0,201
689.0,204
690.0,204
691.0,207
692.0,208
693.0,204
694.0,208
695.0,208
696.0,207
697.0,205
698.0,204
699.0,209
700.0,212
701.0,208
702.0,208
703.0,212
704.0,209
705.0,210
706.0,211
707.0,208
708.0,205
709.0,208
710.0,209
711.0,213
712.0,209
713.0,209
714.0,209
715.0,213
716.0,209
717.0,215
718.0,209
719.0,214
720.0,212
721.0,213
722.0,208
723.0,207
724.0,208
725.0,208
726.0,206
727.0,202
728.0,205
729.0,206
730.0,206
731.0,206
732.0,204
733.0,204
734.0,202
735.0,204
736.0,205
737.0,201
738.0,205
739.0,203
740.0,204
741.0,204
742.0,203
743.0,205
744.0,212
745.0,206
746.0,207
747.0,207
748.0,209
749.0,208
750.0,205
751.0,207
752.0,206
753.0,209
754.0,206
755.0,203
756.0,210
757.0,209
758.0,210
759.0,208
760.0,205
761.0,204
762.0,213
763.0,206
764.0,205
765.0,208
766.0,206
767.0,204
768.0,203
769.0,200
770.0,207
771.0,207
772.0,204
773.0,198
774.0,202
775.0,207
776.0,207
777.0,201
778.0,210
779.0,209
780.0,213
781.0,213
782.0,208
783.0,210
784.0,212
785.0,211
786.0,208
787.0,207
788.0,209
789.0,208
790.0,208
791.0,208
792.0,202
793.0,204
794.0,201
795.0,204
796.0,206
797.0,205
798.0,205
799.0,205
800.0,203
801.0,199
802.0,203
803.0,205
804.0,206
805.0,206
806.0,206
807.0,203
808.0,209
809.0,204
810.0,204
811.0,199
812.0,203
813.0,209
814.0,206
815.0,206
816.0,205
817.0,204
818.0,209
819.0,206
820.0,209
821.0,207
822.0,204
823.0,201
824.0,205
825.0,204
826.0,205
827.0,201
828.0,204
829.0,204
830.0,209
831.0,203
832.0,205
833.0,204
834.0,201
835.0,205
836.0,204
837.0,205
838.0,206
839.0,206
840.0,206
841.0,204
842.0,205
843.0,208
844.0,208
845.0,204
846.0,210
847.0,207
848.0,208
849.0,210
850.0,208
851.0,205
852.0,200
853.0,202
854.0,200
855.0,203
856.0,206
857.0,205
858.0,208
859.0,211
860.0,213
861.0,212
862.0,210
863.0,208
864.0,213
865.0,209
866.0,205
867.0,210
868.0,211
869.0,211
870.0,210
871.0,212
872.0,207
873.0,208
874.0,211
875.0,215
876.0,206
877.0,212
878.0,209
879.0,205
880.0,211
881.0,216
882.0,211
883.0,211
884.0,211
885.0,217
886.0,216
887.0,218
888.0,216
889.0,209
890.0,210
891.0,209
892.0,209
893.0,214
894.0,213
895.0,214
896.0,218
897.0,208
898.0,213
899.0,214
900.0,215
901.0,212
902.0,211
903.0,216
904.0,211
905.0,207
906.0,215
907.0,216
908.0,211
909.0,210
910.0,215
911.0,214
912.0,211
913.0,216
914.0,214
915.0,212
916.0,214
917.0,218
918.0,217
919.0,215
920.0,216
921.0,213
922.0,213
923.0,210
924.0,217
925.0,216
926.0,214
927.0,212
928.0,214
929.0,209
930.0,212
931.0,213
932.0,211
933.0,215
934.0,215
935.0,212
936.0,211
937.0,218
938.0,222
939.0,220
940.0,217
941.0,216
942.0,210
943.0,215
944.0,214
945.0,212
946.0,214
947.0,216
948.0,212
949.0,207
950.0,208
951.0,210
952.0,208
953.0,207
954.0,211
955.0,206
956.0,207
957.0,213
958.0,212
959.0,209
960.0,212
961.0,209
962.0,212
963.0,212
964.0,211
965.0,217
966.0,216
967.0,213
968.0,216
969.0,216
970.0,215
971.0,217
972.0,211
973.0,214
974.0,214
975.0,208
976.0,213
977.0,215
978.0,214
979.0,214
980.0,212
981.0,215
982.0,210
983.0,216
984.0,214
985.0,213
986.0,213
987.0,207
988.0,205
989.0,213
990.0,210
991.0,209
992.0,208
993.0,204
994.0,209
995.0,209
996.0,218
997.0,216
998.0,214
999.0,215
1000.0,221
1001.0,224
1002.0,219
1003.0,221
1004.0,215
1005.0,219
1006.0,220
1007.0,217
1008.0,221
1009.0,221
1010.0,215
1011.0,216
1012.0,219
1013.0,216
1014.0,214
1015.0,216
1016.0,218
1017.0,217
1018.0,219
1019.0,222
1020.0,218
1021.0,218
1022.0,220
1023.0,218
1024.0,217
1025.0,216
1026.0,216
1027.0,216
1028.0,215
1029.0,221
1030.0,221
1031.0,220
1032.0,218
1033.0,216
1034.0,219
1035.0,220
1036.0,220
1037.0,218
1038.0,215
1039.0,211
1040.0,214
1041.0,213
1042.0,217
1043.0,219
1044.0,222
1045.0,221
1046.0,218
1047.0,222
1048.0,219
1049.0,218
1050.0,218
1051.0,217
1052.0,219
1053.0,222
1054.0,217
1055.0,224
1056.0,224
1057.0,225
1058.0,222
1059.0,221
1060.0,221
1061.0,226
1062.0,226
1063.0,226
1064.0,224
1065.0,227
1066.0,223
1067.0,230
1068.0,225
1069.0,227
1070.0,225
1071.0,227
1072.0,225
1073.0,225
1074.0,229
1075.0,226
1076.0,226
1077.0,221
1078.0,220
1079.0,218
1080.0,215
1081.0,218
1082.0,220
1083.0,220
1084.0,220
1085.0,218
1086.0,212
1087.0,214
1088.0,217
1089.0,216
1090.0,217
1091.0,217
1092.0,221
1093.0,214
1094.0,216
1095.0,218
1096.0,219
1097.0,222
1098.0,221
1099.0,223
1100.0,217
1101.0,214
1102.0,215
1103.0,215
1104.0,219
1105.0,219
1106.0,220
1107.0,214
1108.0,216
1109.0,218
1110.0,216
1111.0,217
1112.0,217
1113.0,216
1114.0,216
1115.0,215
1116.0,214
1117.0,217
1118.0,211
1119.0,215
1120.0,209
1121.0,213
1122.0,215
1123.0,218
1124.0,214
1125.0,208
1126.0,213
1127.0,206
1128.0,210
1129.0,203
1130.0,209
1131.0,206
1132.0,213
1133.0,212
1134.0,214
1135.0,216
1136.0,211
1137.0,211
1138.0,216
1139.0,217
1140.0,217
1141.0,213
1142.0,217
1143.0,215
1144.0,210
1145.0,208
1146.0,213
1147.0,209
1148.0,213
1149.0,216
1150.0,216
1151.0,215
1152.0,206
1153.0,209
1154.0,210
1155.0,210
1156.0,214
1157.0,215
1158.0,217
1159.0,213
1160.0,212
1161.0,212
1162.0,213
1163.0,217
1164.0,212
1165.0,217
1166.0,220
1167.0,216
1168.0,212
1169.0,214
1170.0,211
1171.0,211
1172.0,212
1173.0,211
1174.0,210
1175.0,209
1176.0,209
1177.0,217
1178.0,207
1179.0,212
1180.0,212
1181.0,215
1182.0,215
1183.0,217
1184.0,215
1185.0,211
1186.0,220
1187.0,222
1188.0,220
1189.0,216
1190.0,222
1191.0,216
1192.0,216
1193.0,215
1194.0,220
1195.0,221
1196.0,220
1197.0,214
1198.0,215
1199.0,218
1200.0,215
1201.0,217
1202.0,218
1203.0,218
1204.0,225
1205.0,219
1206.0,224
1207.0,222
1208.0,222
1209.0,222
1210.0,227
1211.0,221
1212.0,223
1213.0,215
1214.0,221
1215.0,220
1216.0,219
1217.0,222
1218.0,222
1219.0,220
1220.0,220
1221.0,220
1222.0,223
1223.0,224
1224.0,226
1225.0,226
1226.0,221
1227.0,225
1228.0,223
1229.0,227
1230.0,226
1231.0,220
1232.0,225
1233.0,223
1234.0,224
1235.0,221
1236.0,219
1237.0,230
1238.0,226
1239.0,224
1240.0,226
1241.0,224
1242.0,226
1243.0,223
1244.0,220
1245.0,222
1246.0,223
1247.0,226
1248.0,224
1249.0,224
1250.0,226
1251.0,221
1252.0,224
1253.0,224
1254.0,223
1255.0,214
1256.0,222
1257.0,219
1258.0,222
1259.0,222
1260.0,223
1261.0,227
1262.0,224
1263.0,230
1264.0,229
1265.0,229
1266.0,229
1267.0,229
1268.0,227
1269.0,229
1270.0,234
1271.0,226
1272.0,229
1273.0,225
1274.0,221
1275.0,227
1276.0,217
1277.0,222
1278.0,222
1279.0,224
1280.0,224
1281.0,225
1282.0,221
1283.0,224
1284.0,221
1285.0,218
1286.0,217
1287.0,212
1288.0,213
1289.0,213
1290.0,216
1291.0,215
1292.0,217
1293.0,218
1294.0,223
1295.0,218
1296.0,219
1297.0,224
1298.0,222
1299.0,225
1300.0,220
1301.0,224
1302.0,218
1303.0,221
1304.0,220
1305.0,219
1306.0,218
1307.0,221
1308.0,219
1309.0,225
1310.0,221
1311.0,226
1312.0,224
1313.0,220
1314.0,227
1315.0,227
1316.0,219
1317.0,224
1318.0,226
1319.0,219
1320.0,216
1321.0,222
1322.0,222
1323.0,223
1324.0,220
1325.0,220
1326.0,225
1327.0,222
1328.0,218
1329.0,223
1330.0,219
1331.0,221
1332.0,212
1333.0,216
1334.0,212
1335.0,215
1336.0,219
1337.0,219
1338.0,219
1339.0,218
1340.0,216
1341.0,219
1342.0,218
1343.0,214
1344.0,218
1345.0,218
1346.0,215
1347.0,220
1348.0,221
1349.0,215
1350.0,216
1351.0,219
1352.0,220
1353.0,224
1354.0,222
1355.0,221
1356.0,219
1357.0,221
1358.0,219
1359.0,220
1360.0,220
1361.0,219
1362.0,219
1363.0,221
1364.0,223
1365.0,222
1366.0,226
1367.0,220
1368.0,221
1369.0,222
1370.0,219
1371.0,221
1372.0,221
1373.0,219
1374.0,217
1375.0,219
1376.0,220
1377.0,217
1378.0,223
1379.0,216
1380.0,220
1381.0,219
1382.0,218
1383.0,218
1384.0,217
1385.0,214
1386.0,218
1387.0,216
1388.0,221
1389.0,222
1390.0,223
1391.0,226
1392.0,223
1393.0,224
1394.0,225
1395.0,220
1396.0,217
1397.0,217
1398.0,220
1399.0,221
1400.0,221
1401.0,220
1402.0,221
1403.0,225
1404.0,215
1405.0,218
1406.0,217
1407.0,214
1408.0,217
1409.0,213
1410.0,216
1411.0,223
1412.0,219
1413.0,220
1414.0,226
1415.0,230
1416.0,227
1417.0,226
1418.0,224
1419.0,226
1420.0,222
1421.0,225
1422.0,225
1423.0,227
1424.0,225
1425.0,222
1426.0,221
1427.0,220
1428.0,222
1429.0,222
1430.0,223
1431.0,225
1432.0,220
1433.0,220
1434.0,218
1435.0,217
1436.0,221
1437.0,222
1438.0,217
1439.0,220
1440.0,222
1441.0,223
1442.0,216
1443.0,218
1444.0,217
1445.0,217
1446.0,222
1447.0,221
1448.0,217
1449.0,221
1450.0,220
1451.0,224
1452.0,219
1453.0,219
1454.0,221
1455.0,216
1456.0,217
1457.0,218
1458.0,219
1459.0,219
1460.0,220
1461.0,219
1462.0,217
1463.0,214
1464.0,222
1465.0,224
1466.0,220
1467.0,225
1468.0,217
1469.0,223
1470.0,220
1471.0,224
