"timestamp","inRadius_0","Run1.0,0
2.0,0
3.0,0
4.0,0
5.0,0
6.0,0
7.0,0
8.0,0
9.0,0
10.0,0
11.0,0
12.0,2
13.0,7
14.0,9
15.0,17
16.0,21
17.0,26
18.0,38
19.0,47
20.0,56
21.0,61
22.0,73
23.0,73
24.0,81
25.0,81
26.0,81
27.0,95
28.0,93
29.0,93
30.0,107
31.0,114
32.0,119
33.0,131
34.0,130
35.0,126
36.0,126
37.0,127
38.0,134
39.0,139
40.0,150
41.0,145
42.0,157
43.0,161
44.0,163
45.0,160
46.0,160
47.0,164
48.0,168
49.0,166
50.0,174
51.0,168
52.0,173
53.0,170
54.0,178
55.0,173
56.0,167
