"timestamp","inRadius_0","Run1.0,0
2.0,0
3.0,0
4.0,0
5.0,0
6.0,0
7.0,0
8.0,0
9.0,0
10.0,0
11.0,0
12.0,0
13.0,0
14.0,0
15.0,0
16.0,0
17.0,0
18.0,0
19.0,0
20.0,0
21.0,0
22.0,0
23.0,0
24.0,1
25.0,0
26.0,1
27.0,1
28.0,4
29.0,4
30.0,4
31.0,4
32.0,4
33.0,9
34.0,7
35.0,11
36.0,11
37.0,17
38.0,18
39.0,16
40.0,19
41.0,19
42.0,23
43.0,28
44.0,29
45.0,31
46.0,37
47.0,37
48.0,46
49.0,44
50.0,47
51.0,51
52.0,49
53.0,53
54.0,51
55.0,58
56.0,55
57.0,59
58.0,62
59.0,64
60.0,68
61.0,65
62.0,66
63.0,70
64.0,67
65.0,69
66.0,76
67.0,79
68.0,81
69.0,80
70.0,80
71.0,82
72.0,91
73.0,88
74.0,88
75.0,90
76.0,95
77.0,96
78.0,96
79.0,96
80.0,92
81.0,95
82.0,96
83.0,97
84.0,97
85.0,101
86.0,107
87.0,106
88.0,110
89.0,109
90.0,117
91.0,115
92.0,121
93.0,119
94.0,124
95.0,126
96.0,126
97.0,122
98.0,127
99.0,119
100.0,124
101.0,127
102.0,130
103.0,131
104.0,138
105.0,139
106.0,135
107.0,137
108.0,137
109.0,133
110.0,130
111.0,140
112.0,135
113.0,140
114.0,145
115.0,145
116.0,146
117.0,148
118.0,151
119.0,153
120.0,150
121.0,154
122.0,151
123.0,150
124.0,151
125.0,147
126.0,153
127.0,153
128.0,152
129.0,157
130.0,160
131.0,157
132.0,155
133.0,155
134.0,156
135.0,160
136.0,160
137.0,161
138.0,159
139.0,156
140.0,161
141.0,160
142.0,165
143.0,161
144.0,168
145.0,166
146.0,163
147.0,166
148.0,167
149.0,162
150.0,166
151.0,165
152.0,169
153.0,170
154.0,169
155.0,167
156.0,174
157.0,170
158.0,175
159.0,179
160.0,166
161.0,170
162.0,173
163.0,173
164.0,175
165.0,177
166.0,175
167.0,177
168.0,172
169.0,179
170.0,179
171.0,178
172.0,177
173.0,177
174.0,177
175.0,178
176.0,181
177.0,177
178.0,175
179.0,179
180.0,178
181.0,180
182.0,178
183.0,179
184.0,182
185.0,187
186.0,182
187.0,181
188.0,182
189.0,183
190.0,182
191.0,182
192.0,181
193.0,181
194.0,185
195.0,188
196.0,183
197.0,189
198.0,182
199.0,181
200.0,186
201.0,183
202.0,184
203.0,183
204.0,187
205.0,184
206.0,186
207.0,187
208.0,189
209.0,186
210.0,180
211.0,181
212.0,182
213.0,181
214.0,187
215.0,184
216.0,187
217.0,189
218.0,191
219.0,188
220.0,193
221.0,193
222.0,190
223.0,193
224.0,192
225.0,194
226.0,192
227.0,193
228.0,197
229.0,201
230.0,195
231.0,194
232.0,198
233.0,196
234.0,193
235.0,191
236.0,194
237.0,199
238.0,197
239.0,189
240.0,199
241.0,198
242.0,197
243.0,198
244.0,197
245.0,195
246.0,197
247.0,196
248.0,196
249.0,196
250.0,199
251.0,203
252.0,206
253.0,196
254.0,207
255.0,196
256.0,205
257.0,204
258.0,205
259.0,206
260.0,203
261.0,202
262.0,204
263.0,204
264.0,204
265.0,207
266.0,201
267.0,205
268.0,203
269.0,203
270.0,204
271.0,205
272.0,204
273.0,210
274.0,209
275.0,204
276.0,206
277.0,203
278.0,203
279.0,203
280.0,206
281.0,207
282.0,204
283.0,214
284.0,212
285.0,219
286.0,209
287.0,207
288.0,205
289.0,206
290.0,208
291.0,201
292.0,207
293.0,203
294.0,204
295.0,203
296.0,208
297.0,210
298.0,214
299.0,214
300.0,208
301.0,210
302.0,206
303.0,211
304.0,211
305.0,211
306.0,206
307.0,202
308.0,205
309.0,204
310.0,202
311.0,204
312.0,209
313.0,201
314.0,205
315.0,207
316.0,209
317.0,206
318.0,208
319.0,205
320.0,209
321.0,208
322.0,211
323.0,207
324.0,204
325.0,202
326.0,204
327.0,207
328.0,208
329.0,206
330.0,207
331.0,205
332.0,204
333.0,207
334.0,206
335.0,196
336.0,204
337.0,202
338.0,203
339.0,200
340.0,207
341.0,204
342.0,205
343.0,208
344.0,211
345.0,207
346.0,210
347.0,209
348.0,207
349.0,206
350.0,211
351.0,209
352.0,208
353.0,209
354.0,207
355.0,211
356.0,207
357.0,207
358.0,205
359.0,205
360.0,207
361.0,207
362.0,202
