"timestamp","inRadius_0","Run1.0,0
2.0,0
3.0,0
4.0,0
5.0,0
6.0,0
7.0,0
8.0,0
9.0,0
10.0,0
11.0,3
12.0,3
13.0,6
14.0,5
15.0,19
16.0,27
17.0,34
18.0,37
19.0,43
20.0,51
21.0,55
22.0,66
23.0,62
24.0,79
25.0,86
26.0,81
27.0,95
28.0,98
29.0,105
30.0,111
31.0,114
32.0,116
33.0,109
34.0,118
35.0,116
36.0,114
37.0,119
38.0,121
39.0,124
40.0,140
41.0,140
42.0,147
43.0,155
44.0,154
45.0,157
46.0,160
47.0,165
48.0,163
49.0,167
50.0,166
51.0,166
52.0,173
53.0,172
54.0,170
55.0,170
56.0,180
57.0,181
58.0,172
59.0,180
60.0,179
61.0,175
62.0,178
63.0,178
64.0,177
65.0,177
66.0,174
67.0,179
68.0,176
69.0,179
70.0,178
71.0,179
72.0,185
73.0,183
74.0,183
75.0,179
76.0,184
77.0,183
78.0,187
79.0,188
80.0,186
81.0,186
82.0,194
83.0,198
84.0,190
85.0,188
86.0,186
87.0,187
88.0,187
89.0,185
90.0,193
91.0,189
92.0,189
93.0,195
94.0,186
95.0,184
96.0,193
97.0,198
98.0,204
99.0,205
100.0,204
101.0,196
102.0,205
103.0,201
104.0,207
105.0,201
106.0,201
107.0,205
108.0,201
109.0,205
110.0,207
111.0,206
112.0,207
113.0,203
114.0,201
115.0,196
116.0,199
117.0,203
118.0,200
119.0,199
120.0,200
121.0,204
122.0,216
123.0,203
124.0,208
125.0,205
126.0,204
127.0,203
128.0,204
129.0,207
130.0,207
131.0,209
132.0,204
133.0,211
134.0,212
135.0,208
136.0,207
137.0,199
138.0,201
139.0,199
140.0,207
141.0,205
142.0,204
143.0,202
144.0,205
145.0,205
146.0,208
147.0,212
148.0,202
149.0,207
150.0,210
151.0,206
152.0,214
153.0,210
154.0,209
155.0,202
156.0,206
157.0,212
158.0,218
159.0,211
160.0,217
161.0,211
162.0,211
163.0,210
164.0,210
165.0,214
166.0,222
167.0,223
168.0,228
169.0,227
170.0,224
171.0,218
172.0,210
173.0,211
174.0,212
175.0,211
