"timestamp","Motes Outside"
0.0,0
1.0,0
2.0,0
3.0,0
4.0,0
5.0,0
6.0,0
7.0,0
8.0,0
9.0,0
10.0,0
11.0,0
12.0,0
13.0,0
14.0,1
15.0,2
16.0,2
17.0,7
18.0,18
19.0,17
20.0,32
21.0,35
22.0,45
23.0,44
24.0,46
25.0,58
26.0,61
27.0,69
28.0,71
29.0,78
30.0,80
31.0,86
32.0,88
33.0,96
34.0,97
35.0,103
36.0,113
37.0,108
38.0,112
39.0,112
40.0,114
41.0,111
42.0,110
43.0,118
44.0,115
45.0,122
46.0,119
47.0,119
48.0,120
49.0,123
50.0,124
51.0,123
52.0,120
53.0,121
54.0,123
55.0,123
56.0,122
57.0,121
58.0,129
59.0,132
60.0,134
61.0,126
62.0,131
63.0,131
64.0,130
65.0,132
66.0,133
67.0,135
0.0,135
