"timestamp","inRadius_0","Run1.0,0
2.0,0
3.0,0
4.0,0
5.0,0
6.0,0
7.0,0
8.0,0
9.0,0
10.0,1
11.0,2
12.0,8
13.0,10
14.0,14
15.0,22
16.0,31
17.0,32
18.0,35
19.0,44
20.0,49
21.0,56
22.0,64
23.0,69
24.0,73
25.0,81
26.0,92
27.0,96
28.0,107
29.0,107
30.0,110
31.0,115
32.0,116
33.0,119
34.0,118
35.0,121
36.0,128
37.0,131
38.0,136
39.0,135
40.0,140
41.0,144
42.0,145
43.0,155
44.0,148
45.0,149
46.0,156
47.0,154
48.0,165
49.0,163
50.0,166
51.0,161
52.0,165
53.0,165
54.0,167
55.0,162
56.0,165
57.0,171
58.0,175
59.0,173
60.0,177
61.0,179
62.0,190
63.0,188
64.0,191
65.0,194
66.0,187
67.0,191
68.0,188
69.0,187
70.0,185
71.0,180
72.0,189
73.0,191
74.0,190
75.0,194
76.0,189
77.0,191
78.0,192
79.0,195
80.0,193
81.0,194
82.0,195
83.0,197
84.0,197
85.0,192
86.0,193
87.0,194
88.0,193
89.0,195
90.0,194
91.0,199
92.0,207
93.0,205
94.0,211
95.0,203
96.0,207
97.0,206
98.0,200
99.0,203
100.0,204
101.0,197
102.0,212
103.0,208
104.0,207
105.0,208
106.0,202
