"timestamp","inRadius_0","Run1.0,0
2.0,0
3.0,0
4.0,0
5.0,0
6.0,0
7.0,0
8.0,0
9.0,0
10.0,0
11.0,1
12.0,5
13.0,7
14.0,10
15.0,15
16.0,24
17.0,29
18.0,35
19.0,39
20.0,49
21.0,51
22.0,61
23.0,69
24.0,77
25.0,82
26.0,86
27.0,90
28.0,95
29.0,96
30.0,107
31.0,113
32.0,110
33.0,108
34.0,111
35.0,120
36.0,130
37.0,131
38.0,130
39.0,131
40.0,142
41.0,136
42.0,143
43.0,145
44.0,150
45.0,147
46.0,154
47.0,155
48.0,152
49.0,157
50.0,152
51.0,154
52.0,154
53.0,157
54.0,157
55.0,171
56.0,166
57.0,161
58.0,172
59.0,160
60.0,164
61.0,166
62.0,173
63.0,178
64.0,179
65.0,182
66.0,181
67.0,185
68.0,187
69.0,182
70.0,187
71.0,189
72.0,190
73.0,188
74.0,192
75.0,184
76.0,179
77.0,190
78.0,187
79.0,186
80.0,192
81.0,193
82.0,191
83.0,194
84.0,195
85.0,198
86.0,192
87.0,199
88.0,198
89.0,194
90.0,203
91.0,204
92.0,207
93.0,204
94.0,196
95.0,202
96.0,197
97.0,200
98.0,199
99.0,197
100.0,199
101.0,195
102.0,194
103.0,193
104.0,192
105.0,201
106.0,201
107.0,201
108.0,202
109.0,206
110.0,210
111.0,204
112.0,206
113.0,207
114.0,202
115.0,202
116.0,209
117.0,215
118.0,214
119.0,209
120.0,212
121.0,214
122.0,213
123.0,209
124.0,208
125.0,209
126.0,208
127.0,211
128.0,217
129.0,215
130.0,216
131.0,212
132.0,213
133.0,218
134.0,211
135.0,211
136.0,202
137.0,207
138.0,200
139.0,206
140.0,208
141.0,205
142.0,210
143.0,205
144.0,214
145.0,211
146.0,217
147.0,221
148.0,217
149.0,222
150.0,212
151.0,208
152.0,206
153.0,219
154.0,212
155.0,217
156.0,226
157.0,226
158.0,224
159.0,214
160.0,211
161.0,221
162.0,215
163.0,214
164.0,210
165.0,213
166.0,209
167.0,210
168.0,213
169.0,212
170.0,212
171.0,211
172.0,210
173.0,220
174.0,212
175.0,214
176.0,214
177.0,214
178.0,213
179.0,222
180.0,218
181.0,210
182.0,213
183.0,213
184.0,219
185.0,215
186.0,215
187.0,212
188.0,213
189.0,215
190.0,208
191.0,217
192.0,218
193.0,216
194.0,223
195.0,220
196.0,216
197.0,216
198.0,220
199.0,218
200.0,220
201.0,226
202.0,222
203.0,222
204.0,223
205.0,217
206.0,209
207.0,206
208.0,211
209.0,213
210.0,222
211.0,216
212.0,218
213.0,220
214.0,222
215.0,214
216.0,223
217.0,225
218.0,214
219.0,221
220.0,216
221.0,225
222.0,209
223.0,216
224.0,209
225.0,212
226.0,210
227.0,217
228.0,218
229.0,217
230.0,217
231.0,214
232.0,216
233.0,212
234.0,210
235.0,210
236.0,212
237.0,218
238.0,224
239.0,226
240.0,230
241.0,221
242.0,220
243.0,218
244.0,215
245.0,217
246.0,217
247.0,217
248.0,222
249.0,214
250.0,219
251.0,222
252.0,222
253.0,215
254.0,217
255.0,218
256.0,226
257.0,223
258.0,223
259.0,221
260.0,221
261.0,221
262.0,220
263.0,222
264.0,223
265.0,223
266.0,222
267.0,227
268.0,220
269.0,219
270.0,222
271.0,220
272.0,212
273.0,212
274.0,214
275.0,212
276.0,215
277.0,213
278.0,215
279.0,218
280.0,212
281.0,222
282.0,220
283.0,225
284.0,225
285.0,228
286.0,221
287.0,224
288.0,227
289.0,227
290.0,223
291.0,211
292.0,223
293.0,219
294.0,223
295.0,231
296.0,228
297.0,230
298.0,220
299.0,221
300.0,219
301.0,222
302.0,222
303.0,221
304.0,213
305.0,221
306.0,219
307.0,225
308.0,224
309.0,226
310.0,228
311.0,223
312.0,219
313.0,225
314.0,218
315.0,218
316.0,218
317.0,217
318.0,215
319.0,216
320.0,222
321.0,221
322.0,223
323.0,214
324.0,218
325.0,217
326.0,223
327.0,225
328.0,224
329.0,224
330.0,227
331.0,233
332.0,220
333.0,222
334.0,220
335.0,223
336.0,223
337.0,219
338.0,214
339.0,217
340.0,217
341.0,210
342.0,218
343.0,213
344.0,218
345.0,219
346.0,215
347.0,215
348.0,216
349.0,218
350.0,216
351.0,218
352.0,221
353.0,216
354.0,210
355.0,212
356.0,216
357.0,217
358.0,209
359.0,219
360.0,219
361.0,220
362.0,222
363.0,225
364.0,226
365.0,227
366.0,230
367.0,217
368.0,224
369.0,218
370.0,212
371.0,218
372.0,210
373.0,211
374.0,211
375.0,212
376.0,217
377.0,216
378.0,212
379.0,213
380.0,215
381.0,217
382.0,213
383.0,208
384.0,215
385.0,209
386.0,213
387.0,217
388.0,215
389.0,219
390.0,224
391.0,217
392.0,221
393.0,214
394.0,209
395.0,215
396.0,213
397.0,216
398.0,219
399.0,222
400.0,218
401.0,224
402.0,221
403.0,226
404.0,218
405.0,218
406.0,214
407.0,210
408.0,223
409.0,212
410.0,214
411.0,212
412.0,213
413.0,207
414.0,213
415.0,209
416.0,220
417.0,210
418.0,205
419.0,203
420.0,212
421.0,204
422.0,211
423.0,207
424.0,209
425.0,206
426.0,212
427.0,215
428.0,216
429.0,214
430.0,216
431.0,222
432.0,218
433.0,218
434.0,212
435.0,215
436.0,222
437.0,226
438.0,219
439.0,218
440.0,216
441.0,212
442.0,217
443.0,217
444.0,214
445.0,211
446.0,220
447.0,223
448.0,222
449.0,227
450.0,221
451.0,216
452.0,227
453.0,220
454.0,223
455.0,220
456.0,220
457.0,219
458.0,217
459.0,218
460.0,217
461.0,219
462.0,218
463.0,215
464.0,220
465.0,212
466.0,218
467.0,224
468.0,221
469.0,217
470.0,220
471.0,221
472.0,215
473.0,213
474.0,214
475.0,210
476.0,209
477.0,208
478.0,211
479.0,209
480.0,205
481.0,215
482.0,200
483.0,205
484.0,209
485.0,203
486.0,212
487.0,215
488.0,207
489.0,212
490.0,202
491.0,208
492.0,203
493.0,200
494.0,201
495.0,202
496.0,205
497.0,198
498.0,208
499.0,210
500.0,209
501.0,209
