"timestamp","inRadius_0","Run0.0,0
0.0,0
1.0,0
2.0,0
3.0,0
4.0,0
5.0,0
6.0,0
7.0,0
8.0,0
9.0,0
10.0,0
11.0,0
12.0,0
13.0,0
14.0,1
15.0,8
16.0,18
17.0,36
18.0,63
19.0,98
20.0,139
21.0,196
22.0,258
23.0,330
24.0,410
25.0,499
26.0,596
27.0,698
28.0,808
29.0,927
30.0,1049
31.0,1181
32.0,1318
33.0,1461
34.0,1607
35.0,1759
36.0,1917
37.0,2080
38.0,2248
39.0,2418
40.0,2591
41.0,2768
42.0,2951
43.0,3137
44.0,3333
45.0,3529
46.0,3728
47.0,3932
48.0,4142
49.0,4358
50.0,4581
51.0,4808
52.0,5037
53.0,5271
54.0,5507
55.0,5748
56.0,5991
57.0,6239
58.0,6493
59.0,6749
60.0,7005
61.0,7263
62.0,7526
63.0,7791
64.0,8058
65.0,8327
66.0,8597
67.0,8868
68.0,9140
69.0,9419
70.0,9699
71.0,9981
72.0,10264
73.0,10548
74.0,10834
75.0,11124
76.0,11415
77.0,11707
78.0,12001
79.0,12298
80.0,12596
81.0,12896
82.0,13199
83.0,13504
84.0,13810
85.0,14118
86.0,14429
87.0,14744
88.0,15061
89.0,15380
90.0,15700
91.0,16020
92.0,16343
93.0,16668
94.0,16993
95.0,17319
96.0,17650
97.0,17982
98.0,18314
99.0,18650
100.0,18988
101.0,19328
102.0,19669
103.0,20010
104.0,20352
105.0,20696
106.0,21041
107.0,21387
108.0,21735
109.0,22085
110.0,22436
111.0,22787
112.0,23139
113.0,23493
114.0,23847
115.0,24202
116.0,24559
117.0,24917
118.0,25279
119.0,25641
120.0,26005
121.0,26369
122.0,26735
123.0,27102
124.0,27470
125.0,27838
126.0,28206
127.0,28576
128.0,28948
129.0,29320
130.0,29692
131.0,30066
132.0,30441
133.0,30819
134.0,31198
135.0,31577
136.0,31957
137.0,32339
138.0,32722
139.0,33108
140.0,33494
141.0,33880
142.0,34266
143.0,34653
144.0,35041
145.0,35429
146.0,35817
147.0,36205
148.0,36594
149.0,36984
150.0,37376
151.0,37768
152.0,38160
153.0,38552
154.0,38945
155.0,39340
156.0,39736
157.0,40133
158.0,40530
159.0,40928
160.0,41326
161.0,41724
162.0,42123
163.0,42522
164.0,42921
165.0,43321
166.0,43721
167.0,44123
168.0,44525
169.0,44928
170.0,45331
171.0,45735
172.0,46139
173.0,46544
174.0,46949
175.0,47355
176.0,47761
177.0,48167
178.0,48573
179.0,48980
180.0,49387
181.0,49795
182.0,50203
183.0,50612
184.0,51021
185.0,51432
186.0,51843
187.0,52255
188.0,52669
189.0,53083
190.0,53498
191.0,53913
192.0,54329
193.0,54747
194.0,55165
195.0,55585
196.0,56005
197.0,56425
198.0,56847
199.0,57270
200.0,57693
201.0,58116
202.0,58539
203.0,58963
204.0,59389
205.0,59815
206.0,60241
207.0,60667
208.0,61094
209.0,61523
210.0,61952
211.0,62381
212.0,62811
213.0,63243
214.0,63675
215.0,64108
216.0,64543
217.0,64978
218.0,65413
219.0,65848
220.0,66283
221.0,66718
222.0,67154
223.0,67590
224.0,68026
225.0,68462
226.0,68899
227.0,69337
228.0,69776
229.0,70215
230.0,70655
231.0,71095
232.0,71535
233.0,71975
234.0,72416
235.0,72858
236.0,73300
237.0,73743
238.0,74187
239.0,74634
240.0,75082
241.0,75530
242.0,75978
243.0,76426
244.0,76874
245.0,77322
246.0,77771
247.0,78220
248.0,78669
249.0,79118
250.0,79568
251.0,80018
252.0,80468
