"timestamp","inRadius_0","Run1.0,0
2.0,0
3.0,0
4.0,0
5.0,0
6.0,0
7.0,0
8.0,0
9.0,0
10.0,0
11.0,0
12.0,0
13.0,0
14.0,0
15.0,0
16.0,0
17.0,0
18.0,0
19.0,0
20.0,0
21.0,0
22.0,0
23.0,0
24.0,0
25.0,0
26.0,0
27.0,0
28.0,1
29.0,2
30.0,3
31.0,4
32.0,4
33.0,4
34.0,6
35.0,8
36.0,8
37.0,10
38.0,13
39.0,16
40.0,20
41.0,21
42.0,31
43.0,32
44.0,34
45.0,37
46.0,39
47.0,46
48.0,47
49.0,48
50.0,52
51.0,49
52.0,51
53.0,53
54.0,58
55.0,63
56.0,62
57.0,69
58.0,76
59.0,74
60.0,82
61.0,82
62.0,83
63.0,78
64.0,86
65.0,91
66.0,97
67.0,90
68.0,90
69.0,98
70.0,97
71.0,99
72.0,98
73.0,94
74.0,97
75.0,103
76.0,100
77.0,101
78.0,104
79.0,106
80.0,106
81.0,109
82.0,109
83.0,113
84.0,119
85.0,117
86.0,118
87.0,118
88.0,117
89.0,121
90.0,126
91.0,120
92.0,124
93.0,122
94.0,123
95.0,133
96.0,135
97.0,131
98.0,134
99.0,132
100.0,131
101.0,129
102.0,127
103.0,123
104.0,126
105.0,127
106.0,130
107.0,124
108.0,131
109.0,131
110.0,130
111.0,134
112.0,133
113.0,133
114.0,139
115.0,140
116.0,138
117.0,140
118.0,138
119.0,137
120.0,144
121.0,145
122.0,146
123.0,150
124.0,146
125.0,138
126.0,147
127.0,152
128.0,151
129.0,151
130.0,152
131.0,151
132.0,155
133.0,159
134.0,154
135.0,157
136.0,159
137.0,154
138.0,155
139.0,160
140.0,160
141.0,161
142.0,159
143.0,156
144.0,160
145.0,161
146.0,163
147.0,160
148.0,160
149.0,166
150.0,164
151.0,163
152.0,166
153.0,166
154.0,168
155.0,165
156.0,166
157.0,168
158.0,168
159.0,173
160.0,172
161.0,171
162.0,171
163.0,174
164.0,176
165.0,175
166.0,173
167.0,177
168.0,175
169.0,175
170.0,172
171.0,173
172.0,172
173.0,178
174.0,174
175.0,177
176.0,175
177.0,169
178.0,165
179.0,171
180.0,175
181.0,174
182.0,177
183.0,181
184.0,179
185.0,178
186.0,177
187.0,179
188.0,178
189.0,180
190.0,181
191.0,185
192.0,184
193.0,185
194.0,184
195.0,186
196.0,182
1.0,0
2.0,0
3.0,0
4.0,0
5.0,0
6.0,0
7.0,0
8.0,0
9.0,0
10.0,0
11.0,0
12.0,0
13.0,0
14.0,0
15.0,0
16.0,0
17.0,0
18.0,0
19.0,0
20.0,0
21.0,0
22.0,0
23.0,0
24.0,0
25.0,0
