"timestamp","Run"
0.0,1
1.0,1
2.0,1
3.0,1
4.0,1
5.0,1
6.0,1
7.0,1
8.0,1
9.0,1
10.0,1
11.0,1
0.0,2
1.0,2
2.0,2
3.0,2
4.0,2
5.0,2
6.0,2
7.0,2
8.0,2
9.0,2
10.0,2
11.0,2
12.0,2
13.0,2
14.0,2
15.0,2
16.0,2
17.0,2
18.0,2
19.0,2
20.0,2
21.0,2
22.0,2
23.0,2
24.0,2
25.0,2
26.0,2
27.0,2
28.0,2
29.0,2
30.0,2
31.0,2
32.0,2
33.0,2
34.0,2
35.0,2
36.0,2
37.0,2
38.0,2
39.0,2
40.0,2
41.0,2
42.0,2
43.0,2
44.0,2
45.0,2
46.0,2
47.0,2
48.0,2
49.0,2
50.0,2
51.0,2
0.0,3
0.0,4
0.0,5
0.0,5
0.0,5
0.0,5
0.0,5
0.0,5
0.0,5
0.0,5
0.0,5
0.0,5
0.0,5
0.0,5
0.0,5
0.0,5
0.0,5
0.0,5
0.0,5
0.0,5
0.0,5
0.0,5
0.0,5
0.0,5
0.0,5
0.0,5
0.0,5
0.0,5
0.0,5
0.0,5
0.0,5
0.0,5
0.0,5
0.0,5
0.0,5
0.0,5
0.0,5
0.0,5
0.0,5
0.0,5
0.0,5
0.0,5
0.0,5
0.0,5
0.0,5
0.0,5
0.0,5
0.0,5
0.0,5
0.0,5
0.0,5
0.0,5
0.0,5
0.0,5
0.0,5
0.0,5
0.0,5
0.0,5
0.0,5
0.0,5
0.0,5
0.0,5
0.0,5
0.0,5
0.0,5
0.0,5
0.0,5
0.0,5
0.0,5
0.0,5
0.0,5
0.0,5
0.0,5
0.0,5
0.0,5
0.0,5
0.0,5
0.0,5
0.0,5
0.0,5
0.0,5
0.0,5
0.0,5
0.0,5
0.0,5
0.0,5
0.0,5
0.0,5
0.0,5
0.0,5
0.0,5
0.0,5
0.0,5
0.0,5
0.0,5
0.0,5
0.0,5
0.0,5
0.0,5
0.0,5
0.0,5
0.0,5
0.0,5
0.0,5
0.0,5
0.0,5
0.0,5
0.0,5
0.0,5
0.0,5
0.0,5
0.0,5
0.0,5
0.0,5
0.0,5
0.0,5
0.0,5
0.0,5
0.0,5
0.0,5
0.0,5
0.0,5
0.0,5
0.0,5
0.0,5
0.0,5
0.0,5
0.0,5
0.0,5
0.0,5
0.0,5
0.0,5
0.0,5
0.0,5
0.0,5
0.0,5
0.0,5
0.0,5
0.0,5
0.0,5
0.0,5
0.0,5
0.0,5
0.0,5
0.0,5
0.0,5
0.0,5
0.0,5
0.0,5
0.0,5
0.0,5
0.0,5
0.0,5
0.0,5
0.0,5
0.0,5
0.0,5
0.0,5
0.0,5
0.0,5
0.0,5
0.0,5
0.0,5
0.0,5
0.0,5
0.0,5
0.0,5
0.0,5
0.0,5
0.0,5
0.0,5
0.0,5
0.0,5
0.0,5
0.0,5
0.0,5
0.0,5
0.0,5
0.0,5
0.0,5
0.0,5
0.0,5
0.0,5
0.0,5
0.0,5
0.0,5
0.0,5
0.0,5
0.0,5
0.0,5
0.0,5
0.0,5
0.0,5
0.0,5
0.0,5
0.0,5
0.0,5
0.0,5
0.0,5
0.0,5
0.0,5
0.0,5
0.0,5
0.0,5
0.0,5
0.0,5
0.0,5
0.0,5
0.0,5
0.0,5
0.0,5
0.0,5
0.0,5
0.0,5
0.0,5
0.0,5
0.0,5
0.0,5
0.0,5
0.0,5
0.0,5
0.0,5
0.0,5
0.0,5
0.0,5
0.0,5
0.0,5
0.0,5
0.0,5
0.0,5
0.0,5
0.0,5
0.0,5
0.0,5
0.0,5
0.0,5
0.0,5
0.0,5
0.0,5
0.0,5
0.0,5
0.0,5
0.0,5
0.0,5
0.0,5
0.0,5
0.0,5
0.0,5
0.0,5
0.0,5
0.0,5
0.0,5
0.0,5
0.0,5
0.0,5
0.0,5
0.0,5
0.0,5
0.0,5
0.0,5
0.0,5
0.0,5
0.0,5
0.0,5
0.0,5
0.0,5
0.0,5
0.0,5
0.0,5
0.0,5
0.0,5
0.0,5
0.0,5
0.0,5
0.0,5
0.0,5
0.0,5
0.0,5
0.0,5
0.0,5
0.0,5
0.0,5
0.0,5
0.0,5
0.0,5
0.0,5
0.0,5
0.0,5
0.0,5
0.0,5
0.0,5
0.0,5
0.0,5
0.0,5
0.0,5
0.0,5
0.0,5
0.0,5
0.0,5
0.0,5
0.0,5
0.0,5
0.0,5
0.0,5
0.0,5
0.0,5
0.0,5
0.0,5
0.0,5
0.0,5
0.0,5
0.0,5
0.0,5
0.0,5
0.0,5
0.0,5
0.0,5
0.0,5
0.0,5
0.0,5
0.0,5
0.0,5
0.0,5
0.0,5
0.0,5
0.0,5
0.0,5
0.0,5
0.0,5
0.0,5
0.0,5
0.0,5
0.0,5
0.0,5
0.0,5
0.0,5
0.0,5
0.0,5
0.0,5
0.0,5
0.0,5
0.0,5
0.0,5
0.0,5
0.0,5
0.0,5
0.0,5
0.0,5
0.0,5
0.0,5
0.0,5
0.0,5
0.0,5
0.0,5
0.0,5
0.0,5
0.0,5
0.0,5
0.0,5
0.0,5
0.0,5
0.0,5
0.0,5
0.0,5
0.0,5
0.0,5
0.0,5
0.0,5
0.0,5
0.0,5
0.0,5
0.0,5
0.0,5
0.0,5
0.0,5
0.0,5
0.0,5
0.0,5
0.0,5
0.0,5
0.0,5
0.0,5
0.0,5
0.0,5
0.0,5
0.0,5
0.0,5
0.0,5
0.0,5
0.0,5
0.0,5
0.0,5
0.0,5
0.0,5
0.0,5
0.0,5
0.0,5
0.0,5
0.0,5
0.0,5
0.0,5
0.0,5
0.0,5
0.0,5
0.0,5
0.0,5
0.0,5
0.0,5
0.0,5
0.0,5
0.0,5
0.0,5
0.0,5
0.0,5
0.0,5
0.0,5
0.0,5
0.0,5
0.0,5
0.0,5
0.0,5
0.0,5
0.0,5
0.0,5
0.0,5
0.0,5
0.0,5
0.0,5
0.0,5
0.0,5
0.0,5
0.0,5
0.0,5
0.0,5
0.0,5
0.0,5
0.0,5
0.0,5
0.0,5
0.0,5
0.0,5
0.0,5
0.0,5
0.0,5
0.0,5
0.0,5
0.0,5
0.0,5
0.0,5
0.0,5
0.0,5
0.0,5
0.0,5
0.0,5
0.0,5
0.0,5
0.0,5
0.0,5
0.0,5
0.0,5
0.0,5
0.0,5
0.0,5
0.0,5
0.0,5
0.0,5
0.0,5
0.0,5
0.0,5
0.0,5
0.0,5
0.0,5
0.0,5
0.0,5
0.0,5
0.0,5
0.0,5
0.0,5
0.0,5
0.0,5
0.0,5
0.0,5
0.0,5
0.0,5
0.0,5
0.0,5
0.0,5
0.0,5
0.0,5
0.0,5
0.0,5
0.0,5
0.0,5
0.0,5
0.0,5
0.0,5
0.0,5
0.0,5
0.0,5
0.0,5
0.0,5
0.0,5
0.0,5
0.0,5
0.0,5
0.0,5
0.0,5
0.0,5
0.0,5
0.0,5
0.0,5
0.0,5
0.0,5
0.0,5
0.0,5
0.0,5
0.0,5
0.0,5
0.0,5
0.0,5
0.0,5
0.0,5
0.0,5
0.0,5
0.0,5
0.0,5
0.0,5
0.0,5
0.0,5
0.0,5
0.0,5
0.0,5
0.0,5
0.0,5
0.0,5
0.0,5
0.0,5
0.0,5
0.0,5
0.0,5
0.0,5
0.0,5
0.0,5
0.0,5
0.0,5
0.0,5
0.0,5
0.0,5
0.0,5
0.0,5
0.0,5
0.0,5
0.0,5
0.0,5
0.0,5
0.0,5
0.0,5
0.0,5
0.0,5
0.0,5
0.0,5
0.0,5
0.0,5
0.0,5
0.0,5
0.0,5
0.0,5
0.0,5
0.0,5
0.0,5
0.0,5
0.0,5
0.0,5
0.0,5
0.0,5
0.0,5
0.0,5
0.0,5
0.0,5
0.0,5
0.0,5
0.0,5
0.0,5
0.0,5
0.0,5
0.0,5
0.0,5
0.0,5
0.0,5
0.0,5
0.0,5
0.0,5
0.0,5
0.0,5
0.0,5
0.0,5
0.0,5
0.0,5
0.0,5
0.0,5
0.0,5
0.0,5
0.0,5
0.0,5
0.0,5
0.0,5
0.0,5
0.0,5
0.0,5
0.0,5
0.0,5
0.0,5
0.0,5
0.0,5
0.0,5
0.0,5
0.0,5
0.0,5
0.0,5
0.0,5
0.0,5
0.0,5
0.0,5
0.0,5
0.0,5
0.0,5
0.0,5
0.0,5
0.0,5
0.0,5
0.0,5
0.0,5
0.0,5
0.0,5
0.0,5
0.0,5
0.0,5
0.0,5
0.0,5
0.0,5
0.0,5
0.0,5
0.0,5
0.0,5
0.0,5
0.0,5
0.0,5
0.0,5
0.0,5
0.0,5
0.0,5
0.0,5
0.0,5
0.0,5
0.0,5
0.0,5
0.0,5
0.0,5
0.0,5
0.0,5
0.0,5
0.0,5
0.0,5
0.0,5
0.0,5
0.0,5
0.0,5
0.0,5
0.0,5
0.0,5
0.0,5
0.0,5
0.0,5
0.0,5
0.0,5
0.0,5
0.0,5
0.0,5
0.0,5
0.0,5
0.0,5
0.0,5
0.0,5
0.0,5
0.0,5
0.0,5
0.0,5
0.0,5
0.0,5
0.0,5
0.0,5
0.0,5
0.0,5
0.0,5
0.0,5
0.0,5
0.0,5
0.0,5
0.0,5
0.0,5
0.0,5
0.0,5
0.0,5
0.0,5
0.0,5
0.0,5
0.0,5
0.0,5
0.0,5
0.0,5
0.0,5
0.0,5
0.0,5
0.0,5
0.0,5
0.0,5
0.0,5
0.0,5
0.0,5
0.0,5
0.0,5
0.0,5
0.0,5
0.0,5
0.0,5
0.0,5
0.0,5
0.0,5
0.0,5
0.0,5
0.0,5
0.0,5
0.0,5
0.0,5
0.0,5
0.0,5
0.0,5
0.0,5
0.0,5
0.0,5
0.0,5
0.0,5
0.0,5
0.0,5
0.0,5
0.0,5
0.0,5
0.0,5
0.0,5
0.0,5
0.0,5
0.0,5
0.0,5
0.0,5
0.0,5
0.0,5
0.0,5
0.0,5
0.0,5
0.0,5
0.0,5
0.0,5
0.0,5
0.0,5
0.0,5
0.0,5
0.0,5
0.0,5
0.0,5
0.0,5
0.0,5
0.0,5
0.0,5
0.0,5
0.0,5
0.0,5
0.0,5
0.0,5
0.0,5
0.0,5
0.0,5
0.0,5
0.0,5
0.0,5
0.0,5
0.0,5
0.0,5
0.0,5
0.0,5
0.0,5
0.0,5
0.0,5
0.0,5
0.0,5
0.0,5
0.0,5
0.0,5
0.0,5
0.0,5
0.0,5
0.0,5
0.0,5
0.0,5
0.0,5
0.0,5
0.0,5
0.0,5
0.0,5
0.0,5
0.0,5
0.0,5
0.0,5
0.0,5
0.0,5
0.0,5
0.0,5
0.0,5
0.0,5
0.0,5
0.0,5
0.0,5
0.0,5
0.0,5
0.0,5
0.0,5
0.0,5
0.0,5
0.0,5
0.0,5
0.0,5
0.0,5
0.0,5
0.0,5
0.0,5
0.0,5
0.0,5
0.0,5
0.0,5
0.0,5
0.0,5
0.0,5
0.0,5
0.0,5
0.0,5
0.0,5
0.0,5
0.0,5
0.0,5
0.0,5
0.0,5
0.0,5
0.0,5
0.0,5
0.0,5
0.0,5
0.0,5
0.0,5
0.0,5
0.0,5
0.0,5
0.0,5
0.0,5
0.0,5
0.0,5
0.0,5
0.0,5
0.0,5
0.0,5
0.0,5
0.0,5
0.0,5
0.0,5
0.0,5
0.0,5
0.0,5
0.0,5
0.0,5
0.0,5
0.0,5
0.0,5
0.0,5
0.0,5
0.0,5
0.0,5
0.0,5
0.0,5
0.0,5
0.0,5
0.0,5
0.0,5
0.0,5
0.0,5
0.0,5
0.0,5
0.0,5
0.0,5
0.0,5
0.0,5
0.0,5
0.0,5
0.0,5
0.0,5
0.0,5
0.0,5
0.0,5
0.0,5
0.0,5
0.0,5
0.0,5
0.0,5
0.0,5
0.0,5
0.0,5
0.0,5
0.0,5
0.0,5
0.0,5
0.0,5
0.0,5
0.0,5
0.0,5
0.0,5
0.0,5
0.0,5
0.0,5
0.0,5
0.0,5
0.0,5
0.0,5
0.0,5
0.0,5
0.0,5
0.0,5
0.0,5
0.0,5
0.0,5
0.0,5
0.0,5
0.0,5
0.0,5
0.0,5
0.0,5
0.0,5
0.0,5
0.0,5
0.0,5
0.0,5
0.0,5
0.0,5
0.0,5
0.0,5
0.0,5
0.0,5
0.0,5
0.0,5
0.0,5
0.0,5
0.0,5
0.0,5
0.0,5
0.0,5
0.0,5
0.0,5
0.0,5
0.0,5
0.0,5
0.0,5
0.0,5
0.0,5
0.0,5
0.0,5
0.0,5
0.0,5
0.0,5
0.0,5
0.0,5
0.0,5
0.0,5
0.0,5
0.0,5
0.0,5
0.0,5
0.0,5
0.0,5
0.0,5
0.0,5
0.0,5
0.0,5
0.0,5
0.0,5
0.0,5
0.0,5
0.0,5
0.0,5
0.0,5
0.0,5
0.0,5
0.0,5
0.0,5
0.0,5
0.0,5
0.0,5
0.0,5
0.0,5
0.0,5
0.0,5
0.0,5
0.0,5
0.0,5
0.0,5
0.0,5
0.0,5
0.0,5
0.0,5
0.0,5
0.0,5
0.0,5
0.0,5
0.0,5
0.0,5
0.0,5
0.0,5
0.0,5
0.0,5
0.0,5
0.0,5
0.0,5
0.0,5
0.0,5
0.0,5
0.0,5
0.0,5
0.0,5
0.0,5
0.0,5
0.0,5
0.0,5
0.0,5
0.0,5
0.0,5
0.0,5
0.0,5
0.0,5
0.0,5
0.0,5
0.0,5
0.0,5
0.0,5
0.0,5
0.0,5
0.0,5
0.0,5
0.0,5
0.0,5
0.0,5
0.0,5
0.0,5
0.0,5
0.0,5
0.0,5
0.0,5
0.0,5
0.0,5
0.0,5
0.0,5
0.0,5
0.0,5
0.0,5
0.0,5
0.0,5
0.0,5
0.0,5
0.0,5
0.0,5
0.0,5
0.0,5
0.0,5
0.0,5
0.0,5
0.0,5
0.0,5
0.0,5
0.0,5
0.0,5
0.0,5
0.0,5
0.0,5
0.0,5
0.0,5
0.0,5
0.0,5
0.0,5
0.0,5
0.0,5
0.0,5
0.0,5
0.0,5
0.0,5
0.0,5
0.0,5
0.0,5
0.0,5
0.0,5
0.0,5
0.0,5
0.0,5
0.0,5
0.0,5
0.0,5
0.0,5
0.0,5
0.0,5
0.0,5
0.0,5
0.0,5
0.0,5
0.0,5
0.0,5
0.0,5
0.0,5
0.0,5
0.0,5
0.0,5
0.0,5
0.0,5
0.0,5
0.0,5
0.0,5
0.0,5
0.0,5
0.0,6
1.0,6
2.0,6
3.0,6
4.0,6
5.0,6
6.0,6
0.0,7
1.0,7
2.0,7
3.0,7
4.0,7
5.0,7
6.0,7
7.0,7
8.0,7
9.0,7
10.0,7
11.0,7
12.0,7
13.0,7
14.0,7
15.0,7
16.0,7
17.0,7
18.0,7
19.0,7
0.0,8
1.0,8
2.0,8
3.0,8
4.0,8
5.0,8
6.0,8
7.0,8
8.0,8
9.0,8
10.0,8
11.0,8
12.0,8
13.0,8
14.0,8
15.0,8
16.0,8
17.0,8
18.0,8
19.0,8
20.0,8
21.0,8
22.0,8
23.0,8
0.0,9
0.0,10
1.0,10
2.0,10
3.0,10
4.0,10
5.0,10
6.0,10
7.0,10
8.0,10
9.0,10
10.0,10
11.0,10
12.0,10
13.0,10
14.0,10
15.0,10
16.0,10
17.0,10
18.0,10
19.0,10
20.0,10
21.0,10
22.0,10
23.0,10
24.0,10
25.0,10
26.0,10
27.0,10
28.0,10
29.0,10
30.0,10
31.0,10
32.0,10
33.0,10
34.0,10
35.0,10
36.0,10
37.0,10
38.0,10
39.0,10
40.0,10
41.0,10
42.0,10
43.0,10
44.0,10
45.0,10
46.0,10
47.0,10
48.0,10
49.0,10
50.0,10
51.0,10
52.0,10
53.0,10
54.0,10
55.0,10
56.0,10
57.0,10
58.0,10
59.0,10
60.0,10
61.0,10
62.0,10
63.0,10
64.0,10
65.0,10
66.0,10
67.0,10
68.0,10
69.0,10
70.0,10
71.0,10
72.0,10
73.0,10
74.0,10
75.0,10
76.0,10
77.0,10
78.0,10
79.0,10
80.0,10
81.0,10
82.0,10
83.0,10
84.0,10
85.0,10
86.0,10
87.0,10
88.0,10
89.0,10
90.0,10
91.0,10
92.0,10
93.0,10
94.0,10
95.0,10
96.0,10
97.0,10
98.0,10
99.0,10
100.0,10
101.0,10
102.0,10
103.0,10
0.0,11
1.0,11
2.0,11
3.0,11
4.0,11
5.0,11
6.0,11
7.0,11
8.0,11
9.0,11
10.0,11
11.0,11
12.0,11
