"BLeft","timeCount"
135,1.0
133,2.0
133,3.0
132,4.0
132,5.0
130,6.0
129,7.0
129,8.0
129,9.0
129,10.0
128,11.0
128,12.0
127,13.0
124,14.0
124,15.0
124,16.0
124,17.0
124,18.0
124,19.0
124,20.0
123,21.0
123,22.0
122,23.0
120,24.0
118,25.0
118,26.0
117,27.0
116,28.0
115,29.0
114,30.0
113,31.0
112,32.0
112,33.0
111,34.0
110,35.0
110,36.0
109,37.0
108,38.0
107,39.0
107,40.0
107,41.0
106,42.0
106,43.0
106,44.0
106,45.0
106,46.0
105,47.0
104,48.0
103,49.0
103,50.0
103,51.0
103,52.0
103,53.0
102,54.0
102,55.0
102,56.0
102,57.0
102,58.0
100,59.0
100,60.0
99,61.0
98,62.0
97,63.0
97,64.0
95,65.0
95,66.0
94,67.0
94,68.0
94,69.0
94,70.0
94,71.0
93,72.0
92,73.0
90,74.0
90,75.0
89,76.0
89,77.0
89,78.0
89,79.0
89,80.0
89,81.0
87,82.0
87,83.0
86,84.0
86,85.0
86,86.0
85,87.0
84,88.0
84,89.0
82,90.0
82,91.0
81,92.0
81,93.0
81,94.0
80,95.0
80,96.0
80,97.0
80,98.0
79,99.0
78,100.0
77,101.0
77,102.0
77,103.0
77,104.0
77,105.0
77,106.0
76,107.0
74,108.0
74,109.0
74,110.0
73,111.0
73,112.0
73,113.0
73,114.0
73,115.0
71,116.0
71,117.0
71,118.0
71,119.0
71,120.0
71,121.0
70,122.0
70,123.0
70,124.0
69,125.0
67,126.0
67,127.0
67,128.0
66,129.0
66,130.0
66,131.0
66,132.0
66,133.0
66,134.0
66,135.0
66,136.0
66,137.0
66,138.0
65,139.0
65,140.0
65,141.0
64,142.0
64,143.0
63,144.0
62,145.0
62,146.0
61,147.0
61,148.0
61,149.0
58,150.0
58,151.0
56,152.0
56,153.0
56,154.0
55,155.0
54,156.0
54,157.0
53,158.0
53,159.0
53,160.0
53,161.0
53,162.0
53,163.0
53,164.0
52,165.0
52,166.0
52,167.0
52,168.0
52,169.0
51,170.0
50,171.0
50,172.0
50,173.0
50,174.0
50,175.0
50,176.0
49,177.0
49,178.0
48,179.0
47,180.0
47,181.0
46,182.0
46,183.0
46,184.0
46,185.0
45,186.0
45,187.0
45,188.0
45,189.0
45,190.0
45,191.0
44,192.0
43,193.0
42,194.0
42,195.0
42,196.0
41,197.0
41,198.0
41,199.0
41,200.0
40,201.0
40,202.0
40,203.0
40,204.0
39,205.0
39,206.0
37,207.0
37,208.0
36,209.0
36,210.0
36,211.0
36,212.0
35,213.0
33,214.0
33,215.0
33,216.0
33,217.0
33,218.0
33,219.0
33,220.0
33,221.0
33,222.0
33,223.0
33,224.0
33,225.0
31,226.0
31,227.0
31,228.0
31,229.0
31,230.0
31,231.0
31,232.0
31,233.0
30,234.0
30,235.0
30,236.0
30,237.0
30,238.0
30,239.0
30,240.0
30,241.0
30,242.0
29,243.0
28,244.0
28,245.0
28,246.0
27,247.0
27,248.0
27,249.0
27,250.0
27,251.0
27,252.0
27,253.0
27,254.0
26,255.0
25,256.0
25,257.0
25,258.0
25,259.0
25,260.0
25,261.0
25,262.0
25,263.0
25,264.0
25,265.0
25,266.0
25,267.0
24,268.0
24,269.0
24,270.0
24,271.0
24,272.0
24,273.0
24,274.0
24,275.0
24,276.0
24,277.0
24,278.0
24,279.0
24,280.0
24,281.0
24,282.0
24,283.0
24,284.0
24,285.0
24,286.0
24,287.0
24,288.0
24,289.0
24,290.0
23,291.0
22,292.0
22,293.0
22,294.0
22,295.0
22,296.0
22,297.0
22,298.0
22,299.0
22,300.0
22,301.0
22,302.0
21,303.0
21,304.0
21,305.0
21,306.0
21,307.0
21,308.0
21,309.0
21,310.0
21,311.0
21,312.0
21,313.0
21,314.0
20,315.0
20,316.0
20,317.0
20,318.0
20,319.0
20,320.0
20,321.0
20,322.0
19,323.0
19,324.0
19,325.0
19,326.0
19,327.0
19,328.0
19,329.0
18,330.0
18,331.0
18,332.0
18,333.0
18,334.0
18,335.0
18,336.0
18,337.0
18,338.0
18,339.0
18,340.0
18,341.0
18,342.0
18,343.0
18,344.0
18,345.0
18,346.0
18,347.0
18,348.0
18,349.0
18,350.0
18,351.0
18,352.0
18,353.0
18,354.0
18,355.0
18,356.0
18,357.0
18,358.0
17,359.0
17,360.0
16,361.0
16,362.0
16,363.0
16,364.0
16,365.0
16,366.0
16,367.0
16,368.0
16,369.0
16,370.0
16,371.0
16,372.0
16,373.0
16,374.0
16,375.0
16,376.0
16,377.0
16,378.0
16,379.0
16,380.0
16,381.0
16,382.0
16,383.0
16,384.0
16,385.0
16,386.0
16,387.0
16,388.0
16,389.0
16,390.0
16,391.0
16,392.0
16,393.0
16,394.0
15,395.0
15,396.0
15,397.0
15,398.0
15,399.0
15,400.0
15,401.0
15,402.0
15,403.0
15,404.0
15,405.0
15,406.0
15,407.0
15,408.0
15,409.0
15,410.0
14,411.0
14,412.0
14,413.0
14,414.0
14,415.0
14,416.0
14,417.0
14,418.0
14,419.0
14,420.0
14,421.0
14,422.0
14,423.0
14,424.0
14,425.0
14,426.0
14,427.0
13,428.0
13,429.0
13,430.0
13,431.0
13,432.0
13,433.0
13,434.0
13,435.0
13,436.0
13,437.0
13,438.0
13,439.0
13,440.0
13,441.0
13,442.0
13,443.0
13,444.0
13,445.0
13,446.0
13,447.0
13,448.0
13,449.0
13,450.0
13,451.0
13,452.0
13,453.0
13,454.0
13,455.0
13,456.0
13,457.0
13,458.0
13,459.0
13,460.0
13,461.0
13,462.0
12,463.0
12,464.0
12,465.0
12,466.0
11,467.0
11,468.0
11,469.0
11,470.0
11,471.0
11,472.0
11,473.0
11,474.0
11,475.0
11,476.0
11,477.0
11,478.0
11,479.0
11,480.0
11,481.0
11,482.0
10,483.0
10,484.0
10,485.0
10,486.0
10,487.0
10,488.0
10,489.0
10,490.0
10,491.0
10,492.0
10,493.0
10,494.0
10,495.0
10,496.0
10,497.0
10,498.0
10,499.0
10,500.0
10,501.0
10,502.0
10,503.0
10,504.0
10,505.0
10,506.0
10,507.0
10,508.0
10,509.0
10,510.0
10,511.0
10,512.0
10,513.0
10,514.0
10,515.0
10,516.0
10,517.0
10,518.0
10,519.0
10,520.0
10,521.0
9,522.0
8,523.0
8,524.0
8,525.0
8,526.0
8,527.0
8,528.0
8,529.0
8,530.0
8,531.0
8,532.0
8,533.0
8,534.0
8,535.0
8,536.0
8,537.0
8,538.0
8,539.0
8,540.0
8,541.0
8,542.0
8,543.0
8,544.0
8,545.0
8,546.0
8,547.0
8,548.0
8,549.0
8,550.0
8,551.0
8,552.0
8,553.0
8,554.0
8,555.0
8,556.0
8,557.0
8,558.0
8,559.0
8,560.0
8,561.0
8,562.0
8,563.0
7,564.0
7,565.0
7,566.0
7,567.0
7,568.0
7,569.0
7,570.0
7,571.0
7,572.0
7,573.0
7,574.0
7,575.0
7,576.0
7,577.0
7,578.0
7,579.0
7,580.0
7,581.0
7,582.0
7,583.0
7,584.0
7,585.0
7,586.0
7,587.0
7,588.0
7,589.0
7,590.0
7,591.0
7,592.0
7,593.0
7,594.0
7,595.0
7,596.0
7,597.0
7,598.0
7,599.0
7,600.0
7,601.0
6,602.0
6,603.0
6,604.0
6,605.0
6,606.0
6,607.0
6,608.0
6,609.0
6,610.0
5,611.0
5,612.0
5,613.0
5,614.0
5,615.0
5,616.0
5,617.0
5,618.0
5,619.0
5,620.0
5,621.0
5,622.0
5,623.0
5,624.0
5,625.0
5,626.0
5,627.0
5,628.0
4,629.0
4,630.0
4,631.0
4,632.0
4,633.0
4,634.0
4,635.0
4,636.0
4,637.0
4,638.0
4,639.0
4,640.0
4,641.0
4,642.0
4,643.0
3,644.0
3,645.0
3,646.0
3,647.0
3,648.0
3,649.0
3,650.0
3,651.0
3,652.0
3,653.0
3,654.0
3,655.0
3,656.0
3,657.0
3,658.0
3,659.0
3,660.0
3,661.0
3,662.0
3,663.0
3,664.0
3,665.0
3,666.0
3,667.0
3,668.0
3,669.0
3,670.0
3,671.0
3,672.0
3,673.0
3,674.0
3,675.0
3,676.0
3,677.0
3,678.0
3,679.0
3,680.0
3,681.0
3,682.0
3,683.0
3,684.0
3,685.0
3,686.0
3,687.0
3,688.0
3,689.0
3,690.0
3,691.0
3,692.0
3,693.0
3,694.0
3,695.0
3,696.0
3,697.0
3,698.0
3,699.0
3,700.0
3,701.0
3,702.0
3,703.0
3,704.0
3,705.0
3,706.0
2,707.0
2,708.0
2,709.0
2,710.0
2,711.0
2,712.0
2,713.0
2,714.0
2,715.0
2,716.0
2,717.0
2,718.0
2,719.0
2,720.0
2,721.0
2,722.0
2,723.0
2,724.0
2,725.0
1,726.0
1,727.0
1,728.0
1,729.0
1,730.0
1,731.0
1,732.0
1,733.0
1,734.0
1,735.0
1,736.0
1,737.0
1,738.0
1,739.0
1,740.0
1,741.0
1,742.0
1,743.0
1,744.0
1,745.0
0,746.0
0,747.0
0,748.0
0,749.0
0,750.0
0,751.0
0,752.0
0,753.0
0,754.0
0,755.0
0,756.0
0,757.0
0,758.0
0,759.0
0,760.0
0,761.0
0,762.0
0,763.0
0,764.0
0,765.0
0,766.0
0,767.0
0,768.0
0,769.0
0,770.0
0,771.0
0,772.0
0,773.0
0,774.0
0,775.0
0,776.0
0,777.0
0,778.0
0,779.0
0,780.0
0,781.0
0,782.0
0,783.0
0,784.0
0,785.0
0,786.0
0,787.0
0,788.0
0,789.0
0,790.0
0,791.0
0,792.0
0,793.0
0,794.0
0,795.0
0,796.0
0,797.0
0,798.0
0,799.0
0,800.0
0,801.0
0,802.0
0,803.0
0,804.0
0,805.0
0,806.0
0,807.0
0,808.0
0,809.0
0,810.0
0,811.0
0,812.0
0,813.0
0,814.0
0,815.0
0,816.0
0,817.0
0,818.0
0,819.0
0,820.0
0,821.0
0,822.0
0,823.0
0,824.0
0,825.0
0,826.0
0,827.0
0,828.0
0,829.0
0,830.0
0,831.0
0,832.0
0,833.0
0,834.0
0,835.0
0,836.0
0,837.0
0,838.0
0,839.0
0,840.0
0,841.0
0,842.0
0,843.0
0,844.0
0,845.0
0,846.0
0,847.0
0,848.0
0,849.0
0,850.0
0,851.0
0,852.0
0,853.0
0,854.0
0,855.0
0,856.0
0,857.0
0,858.0
0,859.0
0,860.0
0,861.0
0,862.0
0,863.0
0,864.0
0,865.0
0,866.0
0,867.0
0,868.0
0,869.0
0,870.0
0,871.0
0,872.0
0,873.0
0,874.0
0,875.0
0,876.0
0,877.0
0,878.0
0,879.0
0,880.0
0,881.0
0,882.0
0,883.0
0,884.0